Number of cells greater or equal to 2 is 5
First 1
Check correct convertions: true. Sizes lines=10, arr=10
maxx=9, maxy=9
1 [[0, 9], [5, 9]]
2 [[8, 0], [0, 8]]
3 [[9, 4], [3, 4]]
4 [[2, 2], [2, 1]]
5 [[7, 0], [7, 4]]
6 [[6, 4], [2, 0]]
7 [[0, 9], [2, 9]]
8 [[3, 4], [1, 4]]
9 [[0, 0], [8, 8]]
10 [[5, 5], [8, 2]]
Horizontal size: 4, [[0, 9], [5, 9]]
1 [[0, 9], [5, 9]]
2 [[9, 4], [3, 4]]
3 [[0, 9], [2, 9]]
4 [[3, 4], [1, 4]]
0,0,0,0,0,0,0,0,0,0
0,0,0,0,0,0,0,0,0,0
0,0,0,0,0,0,0,0,0,0
0,0,0,0,0,0,0,0,0,0
0,1,1,2,1,1,1,1,1,1
0,0,0,0,0,0,0,0,0,0
0,0,0,0,0,0,0,0,0,0
0,0,0,0,0,0,0,0,0,0
0,0,0,0,0,0,0,0,0,0
2,2,2,1,1,1,0,0,0,0
Vertical size: 2, [[2, 2], [2, 1]]
1 [[2, 2], [2, 1]]
2 [[7, 0], [7, 4]]
0,0,0,0,0,0,0,1,0,0
0,0,1,0,0,0,0,1,0,0
0,0,1,0,0,0,0,1,0,0
0,0,0,0,0,0,0,1,0,0
0,1,1,2,1,1,1,2,1,1
0,0,0,0,0,0,0,0,0,0
0,0,0,0,0,0,0,0,0,0
0,0,0,0,0,0,0,0,0,0
0,0,0,0,0,0,0,0,0,0
2,2,2,1,1,1,0,0,0,0
